datetime,104,1111,CakeResume,Total
2021/01/10,7,6,9,22
2021/01/11,6,6,9,21
2021/01/12,14,6,9,29
2021/01/13,2,6,9,17
2021/01/14,2,6,9,17
2021/01/15,3,6,9,18
2021/01/15,3,6,9,18
2021/01/15,3,6,9,18
2021/01/15,3,6,9,18
2021/01/15,3,6,9,18
2021/01/15,3,6,9,18
2021/01/15,4,6,9,19
2021/01/15,4,6,9,19
2021/01/16,3,6,9,18
2021/01/16,3,6,9,18
2021/01/17,5,6,9,20
